0.720
1.500
2.290
3.100
3.860
4.620
5.380
6.140
6.840
7.580
8.350
9.170
9.980
10.790
11.550
12.310
13.060
13.810
14.560
15.310
16.060
16.810
17.560
18.310
19.060
19.810
20.560
21.310
22.060
22.810
23.560
24.310
25.060
25.810
26.560
27.310
28.060
28.810
29.560
30.310
31.060
31.810
32.570
33.310
34.070
34.810
35.560
36.310
37.060
37.810
38.560
39.310
40.060
40.810
41.560
42.310
43.060
43.820
44.570
45.310
46.070
46.810
47.560
48.320
49.060
49.820
50.560
51.320
52.070
52.820
53.570
54.320
55.070
55.810
56.570
57.310
58.070
58.820
59.570
60.310
61.070
61.820
62.590
63.310
64.070
64.820
65.570
66.310
67.070
67.820
68.570
69.310
70.070
70.810
71.570
72.320
73.070
73.820
74.560
75.310
76.070
76.820
77.570
78.320
79.070
79.820
80.570
81.310
82.070
82.810
83.570
84.310
85.060
85.820
86.560
87.320
88.070
88.820
89.570
90.320
91.070
91.820
92.570
93.320
94.070
94.820
95.570
96.320
97.070
97.810
98.570
99.320
100.070
100.810
101.570
102.310
103.070
103.820
104.570
105.320
106.070
106.800
107.570
108.320
109.070
109.780
110.570
111.320
112.070
112.840
113.570
114.320
115.070
115.840
116.580
117.300
118.070
118.820
119.570
120.320
121.070
121.820
122.570
123.320
124.070
124.820
125.570
126.320
127.070
127.820
128.560
129.320
130.070
130.820
131.570
132.310
133.070
133.840
134.570
135.320
136.070
136.810
137.570
138.320
139.070
139.820
140.570
141.320
142.070
142.820
143.570
144.320
145.070
145.820
146.570
147.320
148.070
148.820
149.570
150.320
151.070
151.820
152.570
153.320
154.070
154.820
155.570
156.320
157.070
157.840
158.570
159.330
