0.0
0.5
1.0
2.0
2.5
3.0
4.0
4.5
5.0
6.0
6.5
7.0
8.0
8.5
9.0
10.0
10.5
11.0
12.0
12.5
13.0
14.0
14.5
15.0
16.0
16.5
17.0
18.0
18.5
19.0
20.0
20.5
21.0
22.0
22.5
23.0
24.0
24.5
25.0
26.0
26.5
27.0
28.0
28.5
29.0
30.0
30.5
31.0
32.0
32.5
33.0
34.0
34.5
35.0
36.0
36.5
37.0
38.0
38.5
39.0
40.0
40.5
41.0
42.0
42.5
43.0
44.0
44.5
45.0
46.0
46.5
47.0
48.0
48.5
49.0
50.0
50.5
51.0
52.0
52.5
53.0
54.0
54.5
55.0
56.0
56.5
57.0
58.0
58.5
59.0
60.0
60.5
61.0
62.0
62.5
63.0
64.0
64.5
65.0
66.0
66.5
67.0
68.0
68.5
69.0
70.0
70.5
71.0
72.0
72.5
73.0
74.0
74.5
75.0
76.0
76.5
77.0
78.0
78.5
79.0
80.0
80.5
81.0
82.0
82.5
83.0
84.0
84.5
85.0
86.0
86.5
87.0
88.0
88.5
89.0
90.0
90.5
91.0
92.0
92.5
93.0
94.0
94.5
95.0
96.0
96.5
97.0
98.0
98.5
99.0
100.0
100.5
101.0
102.0
102.5
103.0
104.0
104.5
105.0
106.0
106.5
107.0
108.0
108.5
109.0
110.0
110.5
111.0
112.0
112.5
113.0
114.0
114.5
115.0
116.0
116.5
117.0
118.0
118.5
119.0
120.0
120.5
121.0
122.0
122.5
123.0
124.0
124.5
125.0
126.0
126.5
127.0
128.0
128.5
129.0
130.0
130.5
131.0
132.0
132.5
