0.2
0.45
1.45
2.45
3.45
3.7
3.95
4.95
5.95
6.95
7.2
7.45
8.45
9.45
10.45
10.7
10.95
11.95
12.95
13.95
14.2
14.45
15.45
16.45
17.45
17.7
17.95
18.95
19.95
20.95
21.2
21.45
22.45
23.45
24.45
24.7
24.95
25.95
26.95
27.95
28.2
28.45
29.45
30.45
31.45
31.7
31.95
32.95
33.95
34.95
35.2
35.45
36.45
37.45
38.45
38.7
38.95
39.95
40.95
41.95
42.2
42.45
43.45
44.45
45.45
45.7
45.95
46.95
47.95
48.95
49.2
49.45
50.45
51.45
52.45
52.7
52.95
53.95
54.95
55.95
56.2
56.45
57.45
58.45
59.45
59.7
59.95
60.95
61.95
62.95
63.2
63.45
64.45
65.45
66.45
66.7
66.95
67.95
68.95
69.95
70.2
70.45
71.45
72.45
73.45
73.7
73.95
74.95
75.95
76.95
77.2
77.45
78.45
79.45
80.45
80.7
80.95
81.95
82.95
83.95
84.2
84.45
85.45
86.45
87.45
87.7
87.95
88.95
89.95
90.95
91.2
91.45
92.45
93.45
94.45
94.7
94.95
95.95
96.95
97.95
98.2
98.45
99.45
100.45
101.45
101.7
101.95
102.95
103.95
104.95
105.2
105.45
106.45
107.45
108.45
108.7
108.95
109.95
110.95
111.95
112.2
112.45
113.45
114.45
115.45
115.7
115.95
116.95
117.95
118.95
119.2
119.45
120.45
121.45
122.45
122.7
122.95
123.95
124.95
125.95
126.2
126.45
127.45
128.45
129.45
129.7
129.95
130.95
131.95
132.95
133.2
133.45
134.45
135.45
136.45
136.7
136.95
137.95
138.95
139.95
